516
761
42
705
265
151
842
943
670
90
19
103
508
788
995
710
800
908
892
994
2
463
137
13
593
859
735
235
991
489
163
946
492
795
703
766
13
284
347
174
90
989
430
340
567
856
779
582
254
67
49
382
669
518
790
790
95
793
634
835
457
902
545
527
936
275
837
440
841
211
912
215
788
504
862
858
605
712
589
482
476
842
197
207
240
265
441
341
469
613
440
557
239
96
177
551
930
663
284
632
165
356
903
539
370
81
468
751
78
308
619
7
692
311
639
491
700
287
832
904
512
192
241
864
804
819
346
453
912
330
383
74
246
150
687
614
477
620
888
688
790
423
622
619
350
324
611
699
515
493
391
129
276
560
407
25
821
650
803
170
588
576
398
905
687
54
599
255
778
286
70
368
462
558
967
886
567
646
810
149
322
486
83
326
65
386
914
518
301
122
808
303
933
592
344
981
94
185
722
853
254
943
188
400
281
2
239
259
138
493
132
313
183
125
677
345
43
910
294
605
487
839
627
604
432
602
467
841
811
948
131
656
755
915
494
69
177
661
200
202
750
65
638
550
53
108
93
821
239
508
5
963
80
548
644
711
290
690
222
43
830
223
896
800
878
946
86
293
308
329
475
502
972
806
59
215
644
856
368
321
455
13
557
393
160
426
561
798
370
717
925
759
543
652
808
931
757
888
226
369
295
285
550
207
530
744
130
981
186
215
200
434
795
759
994
235
121
275
35
479
813
353
96
622
690
854
391
502
420
686
738
857
342
937
150
361
518
38
201
591
267
516
660
170
449
787
523
276
105
26
558
303
116
806
457
970
569
387
326
561
480
671
64
629
986
125
448
176
559
256
357
191
613
43
196
441
361
910
941
81
541
870
395
820
686
540
493
238
102
20
735
431
912
871
667
885
749
467
112
351
734
619
319
689
985
643
682
210
962
993
582
56
90
128
926
896
530
492
113
798
693
226
805
402
496
327
556
371
813
303
438
341
873
180
390
854
769
282
827
97
153
573
245
848
563
326
143
407
546
292
109
338
335
100
65
690
674
541
679
503
949
952
273
609
978
905
506
561
181
397
424
998
956
950
802
642
124
484
176
152
203
29
379
399
3
824
821
192
945
83
970
89
516
811
802
110
154
696
978
483
709
444
612
505
79
767
409
704
260
267
169
142
978
141
739
475
719
614
1
837
55
691
159
661
296
138
676
674
152
227
54
935
332
776
557
736
327
742
636
122
353
812
618
498
610
67
278
157
590
814
452
556
601
548
479
249
567
20
370
984
497
485
18
624
591
239
836
189
461
837
269
625
551
494
182
330
157
902
607
633
989
158
775
718
910
347
860
140
3
445
987
980
700
915
74
897
200
567
589
397
497
820
189
9
447
174
925
711
481
140
280
75
207
822
132
559
45
971
23
816
623
4
797
909
522
357
937
803
912
914
253
547
331
761
50
864
274
950
818
489
429
10
110
649
256
633
823
577
338
620
776
602
160
957
17
175
807
717
183
915
59
503
439
742
69
806
138
985
823
173
100
871
656
965
89
219
544
987
200
805
200
711
880
229
438
635
147
700
580
621
428
808
846
531
230
983
295
569
52
8
920
174
84
995
288
763
567
787
781
946
915
444
824
407
48
762
669
31
550
207
874
841
774
133
873
945
713
561
351
185
268
533
438
420
175
495
847
887
849
239
633
965
858
735
244
918
131
187
529
384
915
171
369
320
324
589
471
79
590
916
331
249
185
891
75
605
983
900
511
784
473
723
124
308
138
713
618
655
985
621
225
341
410
2
135
419
806
892
557
502
282
283
35
394
96
332
609
746
671
434
224
506
558
375
389
529
86
844
964
562
605
910
621
592
98
469
902
682
711
561
354
452
296
471
282
48
595
779
565
151
201
35
716
585
119
506
720
277
422
251
989
648
796
826
699
699
754
486
917
274
632
54
96
315
586
222
263
196
42
940
759
235
966
193
460
788
405
429
616
253
335
733
516
906
264
72
625
989
72
185
506
827
32
572
122
518
266
596
355
257
102
101
710
178
114
1000
437
951
149
207
479
724
746
472
257
843
396
562
571
437
777
545
674
447
538
802
352
683
532
103
251
977
794
230
805
749
301
960
497
73
386
177
266
668
411
39
633
693
359
779
54
156
952
362
569
151
40
308
960
933
705
527
647
197
337
430
29
645
584
249
385
123
884
605
180
614
577
513
694
542
968
873
646
920
182
681
121
288
38
208
785
236
834
352
450
807
483
420
983
175
435
426
140
355
908
336
291
533
71
406
983
239
749
651
441
724
101
805
697
902
369
494
543
280
184
696
821
211
637
212
55
585
804
393
798
851
570
64
681
570
68
82
63
987
692
181
696
480
624
296
44
332
669
170
353
883
840
552
862
212
91
657
264
389
576
684
95
535
354
475
408
719
779
266
610
202
889
970
27
516
423
274
377
377
97
102
984
66
547
612
895
78
292
895
827
300
39
159
78
799
811
195
114
400
890
409
755
570
699
526
989
705
531
356
42
462
161
637
841
170
765
149
440
248
439
767
656
984
327
7
334
124
409
485
602
405
446
682
490
149
539
557
906
131
50
282
740
76
551
990
41
79
209
495
638
207
22
60
809
633
520
773
597
660
826
615
350
542
8
989
942
767
340
392
618
773
224
618
845
842
851
151
502
202
986
94
247
659
426
3
940
881
561
384
168
819
511
822
838
851
563
713
935
209
275
817
164
820
537
103
564
972
258
348
358
351
378
475
996
477
675
457
287
697
313
538
665
609
447
982
38
49
813
468
231
317
409
631
358
503
280
554
277
316
792
896
819
115
12
410
771
94
81
401
875
835
448
934
71
928
541
701
277
240
520
777
358
90
226
549
174
914
147
56
76
292
736
842
571
748
699
877
644
32
260
949
888
199
573
263
781
312
389
948
606
744
513
573
448
593
140
353
230
685
610
735
530
826
243
629
907
753
283
96
365
131
65
92
145
113
719
636
326
70
757
314
94
857
735
291
41
22
497
685
488
502
162
694
384
154
159
607
80
612
147
743
821
769
379
729
989
454
866
568
627
94
510
614
471
875
210
72
986
376
561
572
633
664
989
486
585
918
621
172
51
807
52
210
165
130
746
191
559
522
166
17
431
673
832
224
49
802
995
800
599
881
191
415
884
291
100
353
356
345
76
624
143
76
715
281
83
961
198
187
40
678
843
545
24
146
161
231
202
242
876
99
802
906
75
769
48
352
2
45
591
15
820
492
100
841
846
933
887
128
515
5
255
879
258
269
985
940
28
105
615
126
702
269
836
383
288
186
950
877
879
429
686
415
734
326
578
105
807
748
836
327
862
869
539
17
722
5
38
915
374
203
964
379
979
292
1
650
86
787
4
825
840
712
743
527
248
861
243
421
377
135
990
715
414
993
32
731
97
309
529
545
936
863
703
770
300
470
98
470
438
49
639
832
720
422
710
15
594
755
990
488
527
514
859
77
863
51
17
292
927
995
360
715
752
122
477
77
748
170
344
461
381
18
304
713
875
635
836
802
657
199
741
498
270
780
871
694
647
922
534
536
252
332
843
394
360
952
607
461
335
423
476
636
168
254
479
44
470
540
922
434
584
312
203
626
88
643
98
253
471
907
364
742
231
81
380
231
942
203
280
113
8
761
683
202
954
555
803
766
438
226
636
378
862
718
927
28
105
463
870
449
372
560
419
564
522
315
376
987
681
25
254
69
39
950
174
994
348
103
512
599
622
29
916
456
964
989
624
724
520
520
503
674
365
673
797
371
734
243
92
165
682
759
275
678
782
773
358
754
529
863
434
863
232
603
574
951
381
376
184
58
98
387
988
497
2
680
410
310
996
98
719
713
217
392
617
122
515
337
157
920
931
113
802
36
467
984
326
987
138
222
960
626
737
624
61
230
326
750
724
297
268
557
776
849
859
924
159
439
867
756
498
582
445
123
655
933
11
307
72
938
715
834
158
510
121
887
146
834
526
138
64
671
846
762
392
98
357
346
319
511
545
809
544
72
621
485
825
955
429
655
836
684
185
180
111
913
90
556
102
553
127
144
590
360
740
492
420
529
727
364
809
939
451
510
734
23
945
607
871
513
845
837
958
841
12
960
77
809
50
806
32
874
788
134
137
850
39
726
239
82
951
92
765
423
825
905
508
444
715
379
228
888
485
437
230
960
269
435
880
732
78
176
172
938
396
150
499
996
845
683
675
697
944
888
148
556
791
296
23
686
306
334
947
613
854
97
155
117
562
552
768
141
837
714
426
662
341
335
49
646
185
627
809
359
982
811
666
132
361
922
576
79
791
681
950
113
596
446
652
666
202
655
744
790
419
992
620
963
445
847
935
594
701
279
810
759
75
858
143
600
90
56
324
599
100
639
254
616
736
675
126
282
352
741
118
10
961
575
316
869
931
118
149
653
741
332
809
604
403
178
851
345
366
758
796
546
707
577
172
78
98
804
921
836
251
118
727
59
317
183
167
45
227
481
485
591
851
507
746
990
574
165
866
464
328
392
718
330
785
902
401
932
236
28
969
919
524
539
52
402
623
683
378
394
297
195
638
641
737
629
519
288
314
561
355
418
255
451
834
903
873
730
229
714
777
219
683
535
983
803
722
874
692
916
430
240
262
948
890
352
918
249
819
579
515
692
882
523
338
352
478
50
89
581
196
85
134
415
420
684
836
378
612
899
873
7
584
895
134
215
352
581
856
232
973
536
617
776
85
729
269
186
283
627
866
624
529
362
821
993
472
473
364
253
567
854
936
655
412
187
739
933
131
605
343
402
321
677
899
574
551
996
440
139
500
964
769
603
927
681
965
290
249
573
588
52
59
737
218
967
138
897
639
559
716
76
949
886
604
867
170
799
860
11
995
407
948
510
816
427
816
882
613
126
660
175
466
146
506
637
136
597
87
690
377
811
423
970
351
770
736
293
79
742
82
214
954
833
467
207
132
821
174
945
803
895
466
864
913
561
339
286
823
914
670
606
584
771
802
104
854
468
885
999
364
487
997
165
425
692
403
382
699
914
770
116
570
381
61
397
748
997
880
54
334
824
186
941
194
397
671
325
102
228
699
957
721
951
886
629
617
529
28
267
163
452
622
437
483
541
818
903
817
53
577
39
586
423
283
204
903
136
95
15
828
659
218
794
212
561
369
230
245
483
898
607
590
338
75
849
982
623
364
429
660
471
36
172
237
59
730
212
121
472
319
347
387
639
875
472
403
683
667
146
58
434
249
367
49
378
617
660
891
696
946
354
804
953
690
991
646
321
829
310
490
573
336
281
391
460
916
49
116
292
210
364
547
137
251
523
517
238
670
546
183
417
917
429
625
885
329
10
825
437
321
58
74
717
652
599
728
888
295
498
837
180
395
299
488
570
134
16
556
468
549
709
67
253
22
3
238
69
475
396
772
122
76
194
624
426
949
254
624
231
606
247
699
701
372
541
418
920
619
920
106
204
220
119
726
61
855
952
784
1
145
479
996
863
428
491
322
955
535
990
381
43
296
918
144
215
843
311
881
379
269
804
479
741
575
791
340
482
476
838
689
854
249
647
785
897
283
647
528
595
639
590
271
719
497
465
305
294
467
418
969
764
937
125
768
542
196
763
896
284
567
623
552
547
260
453
200
130
581
174
315
172
261
37
870
238
926
869
159
111
907
70
413
560
135
46
475
817
898
122
32
441
135
154
261
471
845
240
974
188
565
146
477
460
709
105
785
368
685
280
500
294
516
761
902
466
737
319
234
945
259
435
170
913
645
548
651
239
883
860
793
475
881
789
375
385
903
951
423
920
216
505
58
857
401
350
719
897
891
532
234
788
793
107
842
170
883
30
251
402
753
630
383
990
42
474
746
205
938
259
985
816
326
869
257
816
629
746
31
691
497
390
304
823
653
203
59
711
564
963
717
298
519
465
962
778
787
366
749
433
690
171
480
234
187
328
504
533
879
682
511
473
880
176
265
321
484
485
438
4
405
295
752
19
203
973
336
373
827
511
446
86
864
825
69
890
694
465
331
764
554
432
544
495
116
277
418
351
849
128
684
297
361
76
624
485
419
462
803
632
144
975
598
347
366
597
832
771
876
520
398
329
287
652
256
228
403
451
196
949
901
677
640
761
800
782
95
890
533
544
72
977
525
789
70
292
419
185
422
906
402
892
855
526
563
384
804
226
197
340
765
60
118
886
777
696
101
559
601
198
534
801
394
303
607
388
88
127
827
858
535
733
270
720
655
821
581
93
471
815
821
455
824
215
747
458
394
4
144
383
751
166
262
240
107
798
169
371
317
47
998
154
300
861
266
918
778
929
827
819
240
881
147
299
957
995
732
214
580
343
559
695
754
897
66
163
605
495
452
796
469
734
194
15
926
933
756
350
395
980
616
236
720
766
384
404
237
478
684
499
522
60
525
226
718
100
715
277
459
691
295
544
71
183
868
873
30
113
787
464
361
109
632
959
553
491
733
48
330
596
137
394
911
348
883
183
258
245
963
822
924
353
753
591
372
508
923
22
515
516
175
53
339
789
185
285
452
775
668
284
115
834
782
725
704
312
589
133
611
23
484
175
211
317
952
205
630
55
96
897
783
766
365
603
762
167
339
520
607
739
390
496
680
623
126
972
660
123
155
412
304
933
485
852
265
290
255
46
811
331
69
223
423
790
6
143
673
843
156
606
798
193
309
349
653
805
108
5
644
528
912
930
926
587
216
87
442
958
698
29
259
3
782
430
524
566
526
516
83
477
15
525
209
953
674
880
864
570
185
980
498
452
526
473
414
780
260
548
541
161
555
616
548
836
398
344
428
886
351
158
184
814
501
705
739
447
319
91
232
409
111
703
749
172
17
959
812
712
199
416
649
340
370
625
274
478
990
118
748
203
932
926
155
961
759
127
350
537
402
453
733
908
375
584
789
222
30
842
459
402
67
996
499
502
312
108
657
240
524
574
751
484
913
652
406
509
564
369
963
312
366
645
760
426
919
363
225
839
778
574
101
147
262
68
411
525
600
846
852
841
315
194
841
141
465
443
590
680
780
555
688
285
130
536
428
948
910
426
261
968
277
994
886
143
1
703
599
988
214
65
722
490
316
43
855
517
480
606
524
614
126
105
25
134
687
463
386
485
638
178
663
545
471
992
29
530
659
620
468
988
680
312
34
914
824
365
48
253
91
537
622
635
917
849
820
279
401
245
611
110
832
747
298
993
826
48
428
958
1000
552
963
378
745
592
780
732
306
671
375
386
691
471
156
819
511
900
71
726
130
984
716
56
436
283
286
259
227
608
938
493
77
845
930
488
280
800
470
39
272
677
100
485
65
171
487
977
862
681
775
328
238
712
2
91
402
816
132
936
687
777
313
102
438
70
443
317
970
336
10
454
68
370
631
627
727
228
449
457
825
379
405
565
281
666
162
297
719
842
89
784
534
742
444
480
683
177
890
523
175
259
290
416
946
97
326
963
249
622
416
601
108
357
419
251
202
114
441
776
976
795
891
460
451
809
10
376
837
694
834
408
999
428
891
699
548
213
749
290
925
919
190
452
271
387
885
473
220
827
366
344
320
19
905
158
963
714
597
940
149
500
995
387
26
650
950
530
831
717
387
845
599
6
150
498
762
477
753
8
56
995
477
532
801
225
141
870
162
248
648
900
439
958
173
586
573
118
472
131
586
235
353
791
728
527
313
295
223
3
261
834
751
538
131
256
919
76
679
537
472
925
67
410
359
468
642
377
916
936
326
75
221
823
850
27
330
270
26
881
240
365
282
356
720
680
761
103
219
556
994
438
392
791
639
44
755
650
382
336
954
334
970
916
933
964
464
248
335
53
525
1
714
928
801
746
46
596
743
244
624
12
32
732
1
889
883
879
541
697
881
890
610
869
171
426
210
499
228
603
803
498
332
563
39
776
583
183
141
186
78
322
478
805
40
605
37
632
768
182
692
664
165
277
220
981
703
918
604
991
217
209
484
821
912
900
215
784
720
151
268
11
520
551
109
532
119
486
787
227
47
827
662
922
216
760
977
208
924
817
900
412
675
310
621
422
935
761
768
502
509
408
395
184
122
10
580
226
715
485
193
586
945
540
188
590
900
430
497
835
491
704
735
492
312
872
399
772
820
548
719
827
767
962
585
531
761
825
884
630
282
297
840
257
30
58
413
873
498
9
21
994
286
158
289
974
431
687
198
412
975
972
62
373
63
89
995
607
396
911
668
218
506
943
968
253
139
460
435
429
148
145
288
709
69
675
977
456
256
792
684
291
466
35
933
576
624
314
938
348
663
225
41
299
748
945
977
698
44
366
173
245
485
7
568
199
637
880
343
820
110
291
870
696
146
22
676
554
87
128
535
440
215
818
632
701
372
191
600
800
167
711
220
216
149
276
290
386
582
205
12
753
202
817
93
880
943
754
309
826
550
996
539
484
758
540
772
143
47
413
692
753
894
443
268
979
388
111
788
30
965
238
167
239
502
324
901
137
44
790
478
301
503
253
994
277
22
962
544
339
198
150
47
431
174
1
780
560
15
841
831
424
89
753
423
173
320
220
973
81
220
3
27
81
239
950
104
581
42
94
532
223
270
340
785
467
78
943
979
135
193
696
795
673
448
35
791
344
549
780
485
288
322
364
367
561
323
637
112
478
992
450
753
526
877
669
90
876
672
193
52
328
15
207
240
604
604
869
898
876
728
595
279
902
91
362
494
19
200
188
828
493
981
857
929
50
659
480
568
371
236
561
919
344
336
729
817
156
524
301
26
675
13
977
69
400
188
912
37
178
678
227
587
277
324
885
435
125
862
370
722
244
581
261
846
642
236
302
631
746
131
217
535
123
333
276
559
757
384
283
668
316
520
431
743
634
106
509
245
288
395
487
446
490
673
68
485
116
297
840
220
704
312
655
67
667
260
522
437
956
278
734
376
163
580
172
278
121
622
909
212
472
315
517
444
322
643
265
854
250
678
103
960
702
33
819
373
347
292
851
640
961
690
868
763
663
864
37
864
693
903
993
737
475
796
852
274
892
738
967
229
830
904
792
194
342
221
498
273
379
917
483
265
98
958
947
68
89
222
373
804
434
925
720
348
450
607
708
963
337
703
216
551
504
721
395
828
325
279
85
550
284
230
21
45
420
380
886
829
586
446
991
463
857
573
104
871
243
87
76
515
891
371
451
779
947
212
131
209
399
628
488
745
59
537
833
936
194
937
279
743
511
422
102
952
84
77
981
385
225
135
533
441
818
74
541
828
903
391
170
545
925
642
884
742
744
832
988
875
980
808
979
668
532
749
420
470
260
828
780
590
539
29
730
951
902
534
271
345
337
275
405
407
576
396
571
605
51
645
624
320
727
951
728
994
304
742
198
129
630
372
160
733
296
761
526
717
978
406
22
615
21
735
130
421
663
738
387
116
271
974
972
285
489
642
855
189
374
820
567
578
220
499
887
143
385
846
311
52
817
873
339
326
820
72
364
399
781
216
326
672
151
450
257
64
668
201
685
176
505
583
874
743
861
872
383
38
288
983
886
243
845
134
97
222
388
780
681
447
790
943
255
854
626
153
434
977
720
674
280
185
188
687
164
564
118
401
214
17
136
643
725
388
744
345
825
571
438
686
504
364
373
977
755
385
721
581
426
244
76
936
375
284
273
945
11
741
169
722
662
175
997
447
224
432
194
316
506
26
457
32
188
889
840
366
202
245
927
884
321
68
777
833
654
829
681
519
892
28
422
743
646
530
189
972
105
726
69
277
143
298
548
825
965
840
918
806
663
497
399
878
639
435
270
959
582
749
506
324
2
220
848
384
879
713
788
995
333
961
942
693
236
68
208
982
774
550
901
472
367
128
123
791
999
408
773
360
726
240
497
858
844
665
671
894
318
599
809
478
157
285
538
169
116
726
795
819
316
572
832
505
375
963
514
406
466
9
22
106
969
967
947
297
951
280
258
291
348
993
262
400
572
476
23
122
937
337
526
123
688
472
1
376
931
360
69
253
161
824
456
748
75
689
988
141
325
293
757
19
604
277
543
373
766
940
392
436
462
866
810
913
133
435
63
679
225
999
368
314
544
299
822
280
442
700
557
991
471
618
815
927
201
457
12
277
404
564
284
749
202
772
391
116
885
906
658
214
100
673
354
606
179
259
290
935
195
228
655
357
930
629
41
474
16
453
344
970
660
1
513
522
887
653
677
613
730
516
419
209
440
991
817
439
143
448
51
852
683
568
289
157
561
665
945
194
865
796
905
734
438
325
384
775
23
366
739
482
109
794
392
936
960
312
139
945
213
538
337
245
18
114
963
673
779
779
156
911
329
111
758
720
490
434
114
208
680
813
396
535
603
773
927
450
288
882
829
458
38
516
574
641
518
740
370
54
594
873
985
371
809
761
135
173
609
118
110
64
373
532
446
487
803
649
982
830
439
415
792
922
940
957
771
731
368
754
429
521
301
950
651
202
514
155
162
11
365
222
561
704
888
476
647
299
219
615
865
868
705
955
752
568
892
682
688
149
218
747
246
958
271
533
152
953
297
929
439
879
506
721
156
581
760
566
996
774
244
115
44
165
226
7
195
177
598
837
64
617
490
744
550
883
776
73
20
359
758
844
377
883
52
889
4
793
581
519
22
312
402
805
827
207
186
143
723
995
154
210
530
396
363
885
958
986
505
483
432
40
168
292
761
35
878
301
779
909
349
742
638
44
510
763
292
992
684
167
613
433
978
3
417
332
722
870
191
293
800
929
822
648
411
503
845
223
333
12
508
518
742
726
749
739
56
710
885
286
839
220
342
472
662
563
86
818
243
604
421
892
205
969
65
89
813
418
7
192
415
755
205
113
748
504
539
93
298
47
475
468
238
34
843
840
649
461
407
560
406
633
478
630
607
683
165
77
101
584
524
227
817
793
56
679
164
78
906
485
392
245
865
248
132
76
600
760
484
737
433
992
629
776
272
996
21
798
128
779
522
417
244
230
955
656
149
297
520
494
775
711
102
812
381
191
200
697
363
412
551
621
195
511
25
805
216
60
713
50
428
567
861
919
379
249
606
292
664
541
379
341
430
576
329
784
44
94
800
110
286
483
847
131
271
10
674
627
126
542
60
907
501
714
923
956
821
764
119
212
152
120
426
307
146
782
592
213
17
845
249
464
73
950
60
433
300
781
572
217
551
959
894
329
829
704
578
986
135
660
177
977
107
286
922
402
775
464
854
995
115
740
777
385
74
378
11
487
822
651
543
239
669
965
112
782
134
138
529
516
64
362
296
583
377
864
436
21
478
279
154
89
411
59
258
764
962
189
592
802
347
336
425
778
222
168
372
159
702
452
289
424
572
860
968
731
69
559
724
844
974
60
817
416
289
382
656
116
112
463
710
150
598
625
380
411
683
101
199
784
391
937
662
172
275
869
139
314
86
453
820
449
599
701
776
301
840
33
765
155
2
677
168
25
67
975
649
341
251
430
503
600
128
258
152
827
22
72
430
232
395
712
184
879
268
303
903
12
195
30
858
408
752
352
129
329
13
626
708
827
42
272
916
637
579
114
776
628
461
499
32
997
868
404
187
628
360
289
430
647
285
773
258
131
513
913
694
376
160
462
924
208
722
996
929
572
275
652
513
283
904
690
137
62
797
875
894
224
235
616
800
488
453
259
533
222
464
142
463
905
737
128
395
269
560
970
710
27
979
858
827
936
945
400
570
179
446
946
872
378
47
888
760
676
717
488
53
740
560
185
218
585
757
587
272
449
570
158
129
439
509
221
889
783
690
677
153
266
45
378
952
691
755
44
83
48
972
942
809
580
510
85
170
4
757
780
308
507
957
12
311
874
876
202
456
797
823
191
643
765
124
279
506
409
424
287
603
375
20
970
445
424
632
544
89
546
2
827
200
758
583
70
954
294
213
604
843
250
337
517
596
228
128
598
275
48
701
419
130
829
855
845
555
82
633
436
353
477
156
101
391
533
927
304
117
443
638
117
178
833
354
1
649
277
906
142
766
237
726
957
830
495
319
87
507
720
97
116
585
634
57
3
887
634
859
277
162
47
677
641
301
135
524
621
237
789
805
579
667
773
810
114
52
236
647
391
568
732
448
156
799
661
501
862
542
517
235
364
613
901
203
568
280
231
505
905
558
499
204
671
654
1
622
394
920
746
79
818
606
800
166
477
729
201
644
940
592
989
934
496
633
243
34
957
674
715
492
271
65
139
814
699
378
831
672
415
720
795
827
356
279
817
974
460
48
953
825
367
42
438
347
172
199
64
29
993
31
989
527
755
388
453
285
441
182
984
808
915
403
934
131
58
907
690
176
365
298
525
743
677
179
487
384
692
907
632
529
650
805
495
6
874
324
145
187
499
836
9
470
262
714
508
310
327
833
921
351
513
192
58
180
119
104
637
820
636
462
791
411
36
196
674
10
87
978
91
941
955
321
785
909
812
27
474
552
877
759
738
542
196
564
813
189
223
249
3
332
894
401
470
848
645
75
640
610
365
93
352
63
891
881
687
555
197
326
931
622
10
820
982
678
663
762
822
100
269
248
494
974
462
68
790
113
380
916
577
521
796
38
773
517
985
327
864
623
654
148
640
871
61
719
285
891
174
726
504
511
775
661
780
945
716
665
659
293
794
652
923
719
865
80
188
777
736
980
853
812
495
770
39
157
713
515
872
116
386
877
196
734
982
484
325
743
726
539
740
613
984
239
417
452
916
616
805
895
689
711
340
778
207
975
132
914
184
119
750
150
850
320
508
356
761
508
237
217
648
704
929
131
5
333
484
754
919
639
861
649
507
770
668
913
30
65
596
917
664
660
730
386
680
785
98
741
776
975
42
452
163
140
826
902
935
522
779
878
375
922
438
775
310
187
36
88
662
614
764
469
246
792
529
79
51
677
196
667
954
676
199
647
933
749
23
445
951
681
354
491
51
809
891
896
499
24
896
299
816
694
897
453
523
452
497
708
378
458
992
862
453
405
988
503
446
545
573
617
296
421
877
74
438
440
254
568
748
910
644
185
269
372
715
40
340
779
535
98
80
339
63
681
147
527
684
641
780
883
514
454
849
304
667
864
73
565
729
573
328
956
83
72
115
191
220
178
660
352
390
25
575
616
868
369
292
569
70
859
169
810
510
765
661
24
975
825
650
124
252
801
687
509
514
522
360
487
518
450
243
267
319
407
417
401
598
403
405
794
326
525
522
205
337
828
2
58
409
712
60
22
902
642
6
250
10
82
727
80
653
747
190
316
358
402
495
597
661
370
880
62
899
678
624
799
328
711
104
234
443
130
418
948
135
576
683
261
398
353
635
756
603
215
978
219
166
863
560
996
923
57
967
144
93
895
110
788
374
577
457
138
740
179
158
539
790
40
286
905
950
447
479
970
535
812
473
986
776
95
523
173
268
845
421
761
371
607
381
489
911
770
401
52
454
56
528
542
879
175
822
954
202
971
401
280
496
184
863
519
159
708
548
666
50
487
550
222
677
47
816
265
729
555
774
907
954
604
717
234
275
384
403
842
93
129
405
628
272
841
356
322
859
387
13
89
990
46
325
323
763
716
148
687
586
478
467
689
893
623
351
382
694
729
488
48
8
141
922
523
241
764
597
664
92
820
782
301
734
830
361
699
62
361
49
339
563
695
427
707
418
421
237
605
675
410
269
615
716
704
204
721
374
368
138
819
93
197
924
6
393
461
669
224
211
529
772
817
630
409
853
779
739
274
748
592
84
194
401
333
564
87
322
142
980
991
480
234
375
532
129
580
890
112
91
807
817
537
223
255
308
111
501
679
73
270
938
244
52
100
211
136
613
359
758
2
525
786
623
451
522
350
494
50
582
53
455
311
235
320
763
601
897
528
613
104
584
806
16
513
685
598
107
929
975
556
399
898
756
365
512
498
47
304
866
366
342
129
193
249
932
812
573
712
540
613
170
171
321
537
476
737
4
476
571
972
673
175
329
819
425
115
744
726
995
865
685
593
886
414
746
216
309
356
680
685
950
93
940
44
543
83
241
534
616
65
60
522
344
874
795
638
164
863
116
519
49
794
777
692
798
562
958
845
629
605
395
216
602
572
101
720
457
495
681
407
843
933
139
338
568
777
494
179
867
411
91
720
107
197
618
531
931
206
976
53
84
518
140
22
830
520
656
800
523
756
646
569
881
707
965
660
644
430
188
232
732
971
478
875
40
195
652
876
345
706
620
23
69
672
344
815
636
626
272
930
481
933
961
754
704
540
774
130
24
164
516
236
830
648
600
852
556
564
289
286
65
150
331
713
87
248
812
431
259
747
876
9
865
662
17
676
875
693
917
300
695
501
715
875
685
459
818
632
637
935
869
988
962
472
592
233
589
923
545
897
182
246
418
778
782
423
940
324
833
964
71
833
605
158
745
52
956
995
755
723
612
841
854
483
365
501
981
11
628
407
718
995
36
284
758
112
889
978
187
611
247
988
38
121
296
820
289
652
587
584
911
64
257
351
796
438
568
593
167
767
114
482
802
365
978
564
914
591
1000
605
809
401
774
840
684
121
460
947
78
578
771
145
164
829
104
644
212
370
465
143
514
114
869
454
322
312
85
39
950
560
933
380
144
141
734
891
166
540
947
328
58
503
247
769
837
103
927
248
797
8
195
86
657
14
288
856
935
285
671
391
393
176
856
596
168
6
275
106
243
97
706
622
676
816
697
456
955
945
860
810
907
1
602
583
387
419
388
751
843
131
24
854
440
484
38
952
251
437
737
575
590
130
329
351
707
559
298
216
378
601
978
555
695
876
509
425
246
725
822
379
407
175
920
73
108
423
545
895
813
949
765
50
715
558
210
222
832
946
226
369
974
25
940
932
998
841
968
150
444
395
167
621
375
710
70
900
828
855
598
437
367
215
258
714
476
699
256
139
48
683
729
893
414
919
523
351
259
86
683
459
544
394
466
667
165
494
239
111
164
578
211
122
56
359
559
57
947
442
134
371
260
179
810
514
758
459
337
795
898
288
15
571
420
303
950
768
678
189
18
546
625
801
221
505
407
968
477
322
375
817
184
583
829
755
202
840
63
965
317
528
195
340
243
817
870
303
228
144
895
131
430
736
273
644
654
810
120
677
302
263
466
245
118
512
748
376
805
548
353
329
459
128
992
576
710
555
626
467
908
859
757
926
253
656
993
731
931
971
526
519
436
336
680
516
331
432
272
303
472
100
312
224
343
234
766
948
594
311
520
969
995
213
261
263
48
894
594
942
629
468
69
510
631
322
623
837
786
580
935
907
85
244
551
55
204
306
830
569
729
66
89
118
892
604
389
571
161
906
796
812
568
285
674
956
769
899
488
213
519
986
974
550
753
252
895
71
278
458
114
45
210
650
620
491
986
952
65
409
835
877
467
551
522
647
765
990
587
973
949
302
385
716
907
154
29
259
504
284
99
714
378
89
969
872
971
16
806
989
63
166
926
324
989
642
241
519
784
269
774
719
407
446
509
733
963
486
689
305
773
240
828
781
357
346
378
477
344
999
506
901
394
899
167
92
387
999
49
465
255
306
321
481
53
339
532
155
37
411
735
476
18
930
941
122
218
109
103
304
866
614
686
977
222
551
136
397
62
413
446
604
843
450
995
874
491
576
129
191
695
151
284
357
611
227
791
519
269
815
317
650
773
453
36
707
867
691
531
876
907
592
19
904
215
958
788
608
109
777
996
52
561
670
523
838
699
214
149
48
44
680
594
568
916
405
345
319
842
923
404
915
529
362
532
169
910
24
777
146
152
518
145
333
421
506
326
28
167
874
452
379
83
264
102
764
855
788
932
891
280
334
810
592
235
766
487
752
917
434
771
1
373
701
880
84
408
621
799
648
131
749
679
287
930
889
777
977
923
251
794
560
675
153
554
578
422
249
289
89
617
208
544
659
731
100
778
804
880
774
266
734
301
686
294
806
81
232
281
962
206
664
171
491
165
317
743
104
191
628
770
780
816
707
770
165
126
478
808
547
308
207
819
468
446
332
183
928
390
407
291
223
862
971
416
937
877
537
836
649
108
847
616
591
711
214
772
60
289
734
455
971
502
211
982
824
610
315
136
133
18
894
758
109
63
338
670
442
93
676
938
868
878
125
437
346
18
71
743
609
838
975
35
769
851
870
388
168
496
719
913
316
754
33
746
338
514
277
514
271
338
349
89
706
202
158
190
388
709
410
785
953
25
639
952
112
768
456
88
922
955
60
244
16
472
607
6
817
583
302
245
970
187
123
3
156
940
177
922
398
228
275
496
958
656
32
629
478
848
13
503
779
82
500
622
684
918
864
351
498
345
985
621
469
234
525
308
124
373
90
947
262
865
683
133
561
808
918
931
843
233
994
363
220
84
895
729
475
797
620
294
527
476
255
771
159
754
551
36
673
574
733
821
472
91
178
971
224
784
433
107
138
547
290
214
288
650
337
975
118
178
894
77
511
606
843
474
460
882
944
850
787
994
928
299
215
339
48
905
984
718
614
591
992
263
837
490
604
19
269
194
876
855
735
646
629
426
272
987
906
743
670
357
652
98
575
259
298
136
588
167
295
376
782
851
799
683
511
617
559
899
155
572
722
584
348
608
306
928
701
256
990
567
935
892
412
46
114
73
183
379
964
8
542
34
289
547
349
725
633
990
143
1
640
694
314
517
700
36
640
364
363
240
468
31
713
485
320
489
419
851
24
110
678
622
694
529
741
510
407
492
898
887
796
426
340
874
340
907
842
427
275
809
973
288
370
209
99
894
981
706
956
142
351
767
735
211
110
712
143
356
208
443
479
794
264
760
465
824
919
28
58
698
437
258
938
379
144
896
642
900
467
905
657
796
793
553
996
35
112
54
610
694
630
102
597
546
396
552
766
208
801
111
128
458
595
286
69
768
912
463
975
460
776
330
559
7
781
874
602
750
98
135
854
571
998
923
477
175
401
937
522
746
917
177
314
662
658
896
774
259
664
228
770
322
591
239
497
34
404
649
724
659
613
502
226
30
757
127
838
736
455
154
22
382
767
522
495
830
830
591
816
782
22
584
192
613
370
360
505
91
571
420
468
959
940
209
600
585
100
434
356
7
649
383
737
895
496
376
125
818
45
167
855
212
59
753
170
547
654
105
66
131
436
515
215
315
266
228
102
481
863
591
515
114
847
210
537
166
968
741
442
3
619
961
666
264
285
80
34
439
39
983
402
103
952
465
302
117
890
579
888
464
491
855
903
670
247
91
752
142
129
344
856
720
920
470
853
46
470
422
640
242
664
790
353
186
162
757
49
409
349
586
744
576
935
12
262
271
339
277
70
324
460
964
887
898
621
619
524
771
297
584
180
975
631
838
335
631
6
736
392
301
751
756
117
626
504
573
529
526
185
403
725
662
719
934
540
536
968
828
932
842
423
5
575
829
658
276
318
35
674
260
337
522
82
998
49
386
899
307
971
916
51
674
40
754
39
126
278
663
698
836
203
827
644
259
816
809
87
614
277
678
218
81
315
570
880
770
793
774
978
501
497
20
767
671
760
942
890
814
567
928
233
893
49
702
215
881
465
938
669
602
233
378
10
396
257
958
715
861
430
27
136
354
790
109
846
247
129
355
424
869
417
628
976
731
631
473
430
497
782
162
750
126
496
435
429
746
239
560
306
581
400
510
527
299
424
912
306
133
545
186
282
912
150
22
454
245
810
180
415
49
611
709
580
390
955
411
507
980
589
391
833
302
470
840
252
630
524
641
599
376
645
298
779
389
183
88
340
228
960
439
324
311
272
961
286
261
399
395
848
712
93
214
559
591
363
888
889
346
911
269
991
257
166
561
781
369
70
326
164
803
951
885
723
382
958
581
760
525
254
27
506
993
994
222
211
73
539
413
803
872
210
142
880
574
378
603
836
470
384
254
531
517
527
478
104
421
728
33
895
298
428
910
836
375
322
609
293
804
622
7
738
498
816
873
813
673
580
143
652
447
113
796
348
400
65
30
788
29
491
313
11
775
458
495
803
863
109
508
989
263
424
129
255
368
141
851
29
452
448
288
763
389
699
366
972
262
957
945
158
166
616
602
389
643
269
212
388
436
774
476
273
145
468
772
483
953
910
920
224
809
329
225
864
249
486
994
846
666
120
4
585
130
862
349
568
24
920
634
359
776
563
832
403
118
594
143
567
537
343
293
534
935
61
182
530
543
799
349
716
674
758
802
4
411
782
171
944
248
991
589
340
609
901
839
337
464
472
589
890
285
970
777
213
500
340
569
700
422
237
707
839
559
923
657
617
270
907
362
712
468
107
199
558
328
631
623
457
178
246
386
997
856
361
856
936
481
759
703
245
642
672
114
126
727
926
891
109
650
212
958
420
173
230
403
479
967
44
131
114
478
760
669
987
288
747
390
30
131
100
528
949
693
886
629
50
11
591
826
766
752
991
639
921
718
707
616
725
620
712
501
609
219
994
935
237
288
675
861
329
921
499
920
976
437
300
30
47
190
747
698
807
399
188
654
863
2
924
727
867
637
617
468
362
402
274
868
224
332
912
912
932
857
71
36
280
309
521
948
693
133
873
841
290
717
618
764
734
246
580
492
508
140
793
996
673
383
715
311
214
866
701
73
991
953
859
542
99
837
395
993
41
563
307
524
285
876
906
354
847
263
165
895
805
603
122
588
6
547
539
274
624
840
518
47
231
83
994
264
84
35
419
598
340
426
834
430
896
74
615
673
330
597
824
727
948
297
660
455
450
535
993
425
745
422
660
793
67
569
16
786
178
70
209
286
6
764
234
865
16
783
624
42
884
573
289
893
505
423
187
861
574
468
107
875
645
694
567
660
214
290
340
297
825
704
400
168
4
49
167
79
276
125
355
683
53
490
345
399
437
964
248
933
831
942
901
564
342
182
528
958
761
287
340
635
857
670
762
446
979
662
590
678
131
853
30
217
607
513
203
722
83
982
637
424
335
370
554
263
605
460
196
421
369
19
260
765
536
34
106
414
934
831
55
60
933
485
564
275
401
621
619
392
799
900
522
474
146
950
246
182
133
90
988
230
236
440
235
258
916
733
818
488
770
652
703
949
717
431
6
944
320
683
884
197
730
833
229
599
40
339
580
257
124
874
131
453
887
905
814
33
432
973
356
767
437
274
373
679
30
725
302
936
117
243
809
925
726
703
315
875
943
255
193
756
94
445
236
476
985
447
343
85
918
654
509
813
111
350
761
717
1000
575
281
163
24
149
966
696
709
672
759
924
18
497
944
172
457
534
31
18
765
753
807
601
692
175
5
568
533
647
178
536
658
399
306
439
173
25
591
404
585
6
626
971
624
56
784
554
645
260
939
120
282
428
492
868
792
621
163
128
50
931
98
104
345
886
846
32
884
449
226
430
422
307
515
215
593
729
885
760
3
962
540
155
195
57
797
979
200
311
374
230
257
256
482
189
895
762
129
885
205
407
456
445
908
313
68
718
454
204
444
730
50
372
273
575
728
473
766
369
488
303
546
301
779
367
820
580
12
694
985
776
439
862
338
703
185
601
20
869
520
809
464
405
344
429
943
62
810
958
848
814
219
800
381
115
593
670
629
326
472
775
680
235
914
715
266
339
199
482
633
792
293
77
309
462
378
302
578
820
301
693
729
552
778
965
667
726
541
973
686
145
575
967
763
388
485
853
918
710
887
869
313
608
749
737
290
416
262
777
221
546
161
932
234
509
482
647
989
214
370
785
704
494
771
478
517
195
104
555
522
430
506
476
954
454
494
2
823
21
191
996
597
625
315
373
756
98
406
385
800
712
92
654
225
206
595
199
66
91
498
495
499
928
362
553
564
425
197
205
450
358
907
489
340
769
934
638
286
654
572
165
328
734
591
416
858
328
138
448
602
323
519
912
706
648
782
73
322
176
8
358
115
289
362
711
313
756
652
996
716
191
498
866
366
617
393
930
175
881
633
317
878
713
528
461
546
976
537
196
813
129
875
655
181
226
879
758
964
70
278
662
355
615
571
641
57
982
74
591
123
30
23
953
717
666
992
545
667
31
679
191
641
900
765
412
504
289
119
823
36
522
884
833
633
606
513
68
322
766
484
307
278
471
128
706
158
417
28
765
884
138
940
407
685
760
701
790
759
252
903
129
393
191
594
433
563
128
619
349
625
286
376
415
432
347
54
182
539
830
198
652
738
318
502
684
818
116
867
205
729
745
198
641
605
929
967
911
408
881
495
588
247
855
335
544
160
965
689
154
708
626
341
578
374
656
296
749
432
118
577
990
136
876
879
693
700
498
946
53
68
558
605
769
473
36
374
178
600
798
422
26
993
529
288
301
251
627
53
678
380
503
769
852
327
349
779
932
764
637
242
789
447
825
761
460
328
969
86
570
517
649
103
200
963
817
430
299
512
876
249
561
482
473
229
609
147
13
853
583
571
806
553
818
497
936
333
95
994
792
24
352
811
766
453
374
318
514
906
803
968
423
789
407
257
123
743
444
211
723
671
719
526
732
627
386
823
346
247
333
943
968
978
252
816
444
203
637
124
813
692
143
493
412
110
113
751
2
463
60
87
9
704
699
921
559
180
841
421
382
239
44
210
709
455
747
437
278
102
221
616
338
51
287
839
156
867
415
97
25
108
800
281
394
33
72
195
659
72
183
196
488
901
143
620
976
991
642
65
413
489
843
628
160
185
897
801
969
376
105
340
11
659
725
545
213
394
714
37
899
679
379
662
257
37
420
906
423
177
903
822
194
229
307
583
915
934
251
959
579
118
287
721
184
47
658
503
975
364
259
121
3
114
209
247
944
677
763
245
701
965
961
178
165
685
593
576
299
196
282
665
735
775
854
677
227
108
55
155
626
66
861
521
807
556
672
32
266
726
214
76
576
212
190
74
842
5
894
571
144
897
401
108
226
353
679
427
711
485
995
131
795
101
343
149
326
525
378
867
108
731
526
591
262
303
67
530
574
613
132
734
761
329
566
663
712
84
436
506
587
781
582
979
352
344
6
722
887
868
849
372
322
12
680
282
627
104
948
376
98
851
260
48
24
976
857
698
937
292
440
666
227
373
820
13
834
876
762
186
985
526
148
370
454
825
721
379
760
302
455
282
166
630
732
136
880
801
705
911
926
314
6
859
221
663
430
199
745
926
423
630
314
510
404
554
412
524
839
406
779
191
656
352
279
119
494
859
184
547
557
873
627
359
606
587
114
223
86
853
604
998
21
254
903
890
601
171
888
582
449
94
263
904
817
563
625
570
212
725
930
389
11
205
677
43
144
336
617
651
926
859
840
32
569
872
491
152
604
757
601
269
500
361
967
243
135
513
969
660
545
481
589
760
947
587
821
290
325
50
140
467
318
917
886
188
289
161
864
173
923
167
340
559
153
887
746
137
403
506
978
13
557
981
477
110
634
43
667
49
825
424
524
616
851
904
668
906
682
30
419
980
856
537
999
12
210
1
905
260
728
867
930
586
591
975
257
516
867
306
929
272
153
707
148
182
754
760
445
645
992
108
340
524
683
316
786
716
776
301
187
218
526
62
431
648
331
329
607
898
340
497
230
678
665
61
151
300
734
353
248
192
780
877
367
737
301
329
16
304
528
914
393
458
404
756
119
34
377
529
96
984
531
702
135
320
592
907
111
884
550
434
361
333
239
84
45
411
531
328
692
322
267
310
56
854
869
473
789
76
218
11
847
465
321
889
938
27
841
894
646
510
590
531
973
803
953
299
223
123
218
363
442
39
374
837
520
493
444
140
573
570
369
251
829
195
414
191
962
992
717
786
78
626
681
37
71
201
507
434
842
501
569
160
276
880
297
600
566
27
885
876
437
856
760
521
243
123
145
300
22
910
339
493
599
877
499
494
480
490
891
179
517
86
950
328
657
784
218
290
572
998
655
905
675
382
589
593
1
766
487
370
326
866
845
45
970
693
340
395
520
679
147
465
150
940
463
39
630
906
501
548
720
322
447
173
558
706
764
632
378
705
880
639
419
262
223
923
818
514
294
314
921
106
819
373
874
640
341
254
296
890
187
478
192
706
375
798
857
53
417
622
775
709
35
700
543
490
258
979
238
468
751
447
341
600
832
377
917
816
134
499
854
721
952
963
137
472
345
737
302
99
568
824
637
37
29
760
756
841
437
620
811
843
934
191
133
583
894
851
780
490
332
515
102
827
452
766
707
598
667
136
398
329
904
96
436
81
68
84
570
235
542
278
780
133
893
1
678
675
775
189
661
883
987
262
30
58
274
653
370
712
275
522
337
423
334
901
56
443
467
327
732
500
923
288
732
695
801
817
782
108
917
940
643
223
289
162
951
508
421
532
25
916
491
33
794
901
288
395
220
771
758
132
378
886
622
518
859
528
551
814
818
22
720
881
609
363
879
281
496
943
179
375
65
562
84
499
30
138
698
28
341
171
964
980
729
50
575
622
502
289
239
114
878
813
739
416
19
772
32
271
271
525
288
298
260
935
245
864
98
733
28
212
532
829
221
50
453
140
826
460
295
101
139
863
836
145
349
319
128
775
434
153
607
169
364
512
428
590
389
371
997
967
209
487
738
534
856
11
769
703
926
533
428
134
502
298
745
762
453
809
181
47
686
799
991
678
884
266
130
254
110
932
404
939
190
558
422
257
348
612
201
955
739
177
